2.5728524890636106 0.3
5.0686778061580995 0.5
6.39053678342864 0.7
10.227868103318883 1.1
14.886985039484218 1.5
18.9811864632245 2.1
23.306959705186053 2.7
36.73868016756599 3.5
44.55254988613605 4.3
42.247468919186005 5.2
77.78868082258677 6.3
81.71530194785183 7.5
80.3933315303068 8.7
109.56709265583314 10.1
109.63003850681368 11.5
129.7080017804818 13.1
158.59601186443226 14.7
143.82780920985232 16.4
193.5381925134455 18.3
230.8293246431553 20.2
252.48724675434113 22.3
237.17237130093687 24.5
291.1079464160491 26.7
243.39302157200692 29.1
310.0170382886786 31.5
355.80492788823227 34.1
317.6898406397493 36.7
391.2774245470099 39.5
495.95649913698077 42.3
570.9717140431447 45.2
520.5465529060601 48.3
557.1331779119397 51.5
494.5433392779148 54.7
510.29500994114096 58.1
528.1440411713418 61.5
685.7276212853237 65.0
738.6582364748131 68.7
676.772814847338 72.5
669.2520985952654 76.3
823.169010915133 80.2
869.3777160240453 84.3
872.9297059997367 88.5
1044.7274352673774 92.7
961.4779934769848 97.1
1008.2856847663313 101.5
942.9738557647798 106.1
1122.050423355943 110.7
1310.0201278881195 115.5
1210.3556257234138 120.3
1261.38205368566 125.2
